[gd_scene load_steps=4 format=3 uid="uid://difcukmej5l7i"]

[sub_resource type="StandardMaterial3D" id="StandardMaterial3D_green"]
albedo_color = Color(0.2, 0.6, 0.2, 1)

[sub_resource type="StandardMaterial3D" id="StandardMaterial3D_nose"]
albedo_color = Color(0.3, 0.7, 0.3, 1)

[sub_resource type="StandardMaterial3D" id="StandardMaterial3D_dark_green"]
albedo_color = Color(0.1, 0.3, 0.1, 1)

[node name="GoblinHead" type="Node3D"]

[node name="Head" type="CSGSphere3D" parent="."]
radius = 0.6
material = SubResource("StandardMaterial3D_green")

[node name="Nose" type="CSGBox3D" parent="Head"]
transform = Transform3D(1, 0, 0, 0, 1, 0, 0, 0, 1, 0, 0, 0.6)
size = Vector3(0.15, 0.15, 0.5)
material = SubResource("StandardMaterial3D_nose")

[node name="EarL" type="CSGBox3D" parent="Head"]
transform = Transform3D(0.965926, 0.258819, 0, -0.258819, 0.965926, 0, 0, 0, 1, -0.6, 0.1, 0)
size = Vector3(0.6, 0.2, 0.1)
material = SubResource("StandardMaterial3D_green")

[node name="EarR" type="CSGBox3D" parent="Head"]
transform = Transform3D(0.965926, -0.258819, 0, 0.258819, 0.965926, 0, 0, 0, 1, 0.6, 0.1, 0)
size = Vector3(0.6, 0.2, 0.1)
material = SubResource("StandardMaterial3D_green")

[node name="EyebrowL" type="CSGBox3D" parent="Head"]
transform = Transform3D(1, 0, 0, 0, 0.965926, 0.258819, 0, -0.258819, 0.965926, -0.25, 0.35, 0.5)
size = Vector3(0.4, 0.2, 0.1)
material = SubResource("StandardMaterial3D_dark_green")

[node name="EyebrowR" type="CSGBox3D" parent="Head"]
transform = Transform3D(1, 0, 0, 0, 0.965926, 0.258819, 0, -0.258819, 0.965926, 0.25, 0.35, 0.5)
size = Vector3(0.4, 0.2, 0.1)
material = SubResource("StandardMaterial3D_dark_green")
