[gd_scene load_steps=5 format=3 uid="uid://difcukmej5l7i"]

[ext_resource type="Shader" uid="uid://c4y0amrlfaf34" path="res://assets/Shaders/instance_transparency.gdshader" id="1_shader"]

[sub_resource type="ShaderMaterial" id="ShaderMaterial_coat"]
render_priority = 0
shader = ExtResource("1_shader")
shader_parameter/albedo = Color(0.85, 0.85, 0.85, 1)

[sub_resource type="ShaderMaterial" id="ShaderMaterial_dark"]
render_priority = 1
shader = ExtResource("1_shader")
shader_parameter/albedo = Color(0.1, 0.1, 0.1, 1)

[sub_resource type="ShaderMaterial" id="ShaderMaterial_horn"]
render_priority = 1
shader = ExtResource("1_shader")
shader_parameter/albedo = Color(0.4, 0.3, 0.2, 1)

[node name="GoatModel" type="Node3D"]

[node name="CSGCombiner3D" type="CSGCombiner3D" parent="."]

[node name="Body" type="CSGSphere3D" parent="CSGCombiner3D"]
transform = Transform3D(1, 0, 0, 0, 1, 0, 0, 0, 1, 0, 0.5347412, -0.08758545)
radius = 0.3
material = SubResource("ShaderMaterial_coat")

[node name="ArmL" type="CSGCylinder3D" parent="CSGCombiner3D"]
transform = Transform3D(0.70710695, -0.70710695, 0, -0.5414771, -0.5414771, -0.6431217, 0.4547559, 0.4547559, -0.76576394, -0.3, 0.32846677, 0.069244385)
radius = 0.06
height = 0.25
material = SubResource("ShaderMaterial_coat")

[node name="ArmR" type="CSGCylinder3D" parent="CSGCombiner3D"]
transform = Transform3D(0.70710695, 0.70710695, 0, 0.5414771, -0.5414771, -0.6431217, -0.4547559, 0.4547559, -0.76576394, 0.3, 0.32846677, 0.069244385)
radius = 0.06
height = 0.25
material = SubResource("ShaderMaterial_coat")

[node name="ArmL2" type="CSGCylinder3D" parent="CSGCombiner3D"]
transform = Transform3D(0.70710695, -0.70710695, 0, -0.66573286, -0.66573286, 0.33704606, -0.23832765, -0.23832765, -0.9414881, -0.3, 0.32846677, -0.28195953)
radius = 0.06
height = 0.25
material = SubResource("ShaderMaterial_coat")

[node name="ArmR2" type="CSGCylinder3D" parent="CSGCombiner3D"]
transform = Transform3D(0.70710695, 0.70710695, 0, 0.66573286, -0.66573286, 0.33704606, 0.23832765, -0.23832765, -0.9414881, 0.3, 0.32846677, -0.28195953)
radius = 0.06
height = 0.25
material = SubResource("ShaderMaterial_coat")

[node name="Tail" type="CSGCylinder3D" parent="CSGCombiner3D"]
transform = Transform3D(1, 0, 0, 0, -0.66014594, -0.75113744, 0, 0.75113744, -0.66014594, 0, 0.77034914, -0.43084717)
radius = 0.1
height = 0.4
cone = true
material = SubResource("ShaderMaterial_coat")

[node name="Head" type="CSGSphere3D" parent="CSGCombiner3D"]
transform = Transform3D(1, 0, 0, 0, 1, 0, 0, 0, 1, 0, 0.8637451, 0.48321533)
material = SubResource("ShaderMaterial_coat")

[node name="Snout" type="CSGBox3D" parent="CSGCombiner3D/Head"]
transform = Transform3D(1, 0, 0, 0, 1, 0, 0, 0, 1, 0, -0.1, 0.4)
size = Vector3(0.35, 0.3, 0.6)
material = SubResource("ShaderMaterial_coat")

[node name="Nose" type="CSGBox3D" parent="CSGCombiner3D/Head/Snout"]
transform = Transform3D(1, 0, 0, 0, 1, 0, 0, 0, 1, 0, 0.1, 0.3)
size = Vector3(0.2, 0.1, 0.1)
material = SubResource("ShaderMaterial_dark")

[node name="Beard" type="CSGCylinder3D" parent="CSGCombiner3D/Head"]
transform = Transform3D(1, 0, 0, 0, 0.965926, -0.258819, 0, 0.258819, 0.965926, 0, -0.4, 0.5)
radius = 0.1
height = 0.4
cone = true
material = SubResource("ShaderMaterial_coat")

[node name="EarL" type="CSGBox3D" parent="CSGCombiner3D/Head"]
transform = Transform3D(0.965926, 0.258819, 0, -0.258819, 0.965926, 0, 0, 0, 1, -0.45, 0, 0)
size = Vector3(0.4, 0.1, 0.2)
material = SubResource("ShaderMaterial_coat")

[node name="EarR" type="CSGBox3D" parent="CSGCombiner3D/Head"]
transform = Transform3D(0.965926, -0.258819, 0, 0.258819, 0.965926, 0, 0, 0, 1, 0.45, 0, 0)
size = Vector3(0.4, 0.1, 0.2)
material = SubResource("ShaderMaterial_coat")

[node name="EyeL" type="CSGSphere3D" parent="CSGCombiner3D/Head"]
transform = Transform3D(1, 0, 0, 0, 1, 0, 0, 0, 1, -0.2, 0.1, 0.45)
radius = 0.08
material = SubResource("ShaderMaterial_dark")

[node name="EyeR" type="CSGSphere3D" parent="CSGCombiner3D/Head"]
transform = Transform3D(1, 0, 0, 0, 1, 0, 0, 0, 1, 0.2, 0.1, 0.45)
radius = 0.08
material = SubResource("ShaderMaterial_dark")

[node name="HornL1" type="CSGCylinder3D" parent="CSGCombiner3D/Head"]
transform = Transform3D(0.965926, 0.258819, 0, -0.258819, 0.965926, 0, 0, 0, 1, -0.25, 0.4, -0.1)
radius = 0.08
height = 0.3
material = SubResource("ShaderMaterial_horn")

[node name="HornL2" type="CSGCylinder3D" parent="CSGCombiner3D/Head/HornL1"]
transform = Transform3D(1, 0, 0, 0, 0.866025, 0.5, 0, -0.5, 0.866025, 0, 0.25, -0.1)
radius = 0.06
height = 0.3
material = SubResource("ShaderMaterial_horn")

[node name="HornL3" type="CSGCylinder3D" parent="CSGCombiner3D/Head/HornL1/HornL2"]
transform = Transform3D(1, 0, 0, 0, 0.866025, 0.5, 0, -0.5, 0.866025, 0, 0.2, -0.1)
radius = 0.06
height = 0.2
cone = true
material = SubResource("ShaderMaterial_horn")

[node name="HornR1" type="CSGCylinder3D" parent="CSGCombiner3D/Head"]
transform = Transform3D(0.965926, -0.258819, 0, 0.258819, 0.965926, 0, 0, 0, 1, 0.25, 0.4, -0.1)
radius = 0.08
height = 0.3
material = SubResource("ShaderMaterial_horn")

[node name="HornR2" type="CSGCylinder3D" parent="CSGCombiner3D/Head/HornR1"]
transform = Transform3D(1, 0, 0, 0, 0.866025, 0.5, 0, -0.5, 0.866025, 0, 0.25, -0.1)
radius = 0.06
height = 0.3
material = SubResource("ShaderMaterial_horn")

[node name="HornR3" type="CSGCylinder3D" parent="CSGCombiner3D/Head/HornR1/HornR2"]
transform = Transform3D(1, 0, 0, 0, 0.866025, 0.5, 0, -0.5, 0.866025, 0, 0.2, -0.1)
radius = 0.06
height = 0.2
cone = true
material = SubResource("ShaderMaterial_horn")
